4.2567 -7.52532 6.71979 -6.43301
9.47373 -6.99083 10.9454 -6.0375
-6.49686 -5.97102 -5.10485 -4.78503
-1.19644 9.86472 -0.85082 12.8067
6.61683 2.90563 8.46013 4.87164
1.21771 3.0033 3.92017 5.87421
5.23761 -5.84417 7.98987 -4.88074
4.58098 2.63122 6.33327 3.95687
5.1059 -1.89745 7.52386 0.289491
1.11171 -4.0694 1.25199 -1.87717
-0.0404186 0.215198 0.337804 3.02967
0.079917 -5.17435 2.83635 -4.16984
7.73128 0.664864 10.7018 2.00721
-6.33184 7.81989 -5.11858 10.6558
-8.02427 -3.56318 -7.22498 -1.07968
9.06803 7.01056 9.87719 9.13665
-4.88689 -8.48588 -3.57385 -6.05216
-2.55528 -0.311265 -0.929327 2.29938
9.90393 3.36117 12.329 4.85875
8.18682 4.54363 10.6889 6.93134
-4.79151 6.4841 -4.06144 7.8156
4.30399 2.95546 5.47136 5.39741
9.39227 3.11108 11.3177 5.88013
0.121647 8.23082 2.01678 10.516
9.74494 -8.61219 11.4639 -7.53374
1.07654 -7.70073 1.76564 -6.05366
5.66044 -9.2386 5.80509 -7.16151
5.30503 7.64492 6.76984 7.72195
4.12902 4.63244 5.53755 5.8974
-2.4121 7.17261 -1.70519 8.21964
0.283691 7.54916 1.09976 7.60996
5.77998 8.07472 8.126 10.4035
9.46253 -2.90031 9.86971 -1.31945
-0.601043 -2.69146 -0.373111 -1.93255
-1.93006 -7.51613 0.90594 -7.00988
-9.87121 -1.32798 -9.28793 0.810693
-6.69553 3.27868 -6.29191 4.91254
0.451294 -2.59644 3.13217 -2.4862
-5.04728 -6.68699 -4.87623 -6.57708
-8.61227 6.78042 -6.17363 6.90796
-6.11989 8.97219 -4.41149 10.9641
-3.71927 2.90887 -0.968497 5.06147
5.39274 7.24513 8.05159 9.57336
-4.08285 -8.38585 -2.61595 -7.00261
4.89283 2.47016 4.90993 3.27178
9.87372 7.98652 10.7856 8.71048
-8.70047 -2.78056 -7.8666 -2.37747
-6.00014 -8.18325 -5.46951 -7.00125
-9.21105 4.92684 -9.0372 5.98729
-2.16429 9.49751 -1.95124 9.98178
6.74264 9.146 9.55514 9.54497
-9.23985 -1.47068 -7.45764 0.877269
-9.00051 1.9954 -8.85095 2.12638
-0.0180855 -2.92377 0.836861 -1.23156
4.29567 1.25878 6.39097 4.00311
3.07554 7.50622 4.00186 9.58589
2.43306 -2.66545 2.57319 -2.62513
-3.16794 -7.64548 -2.64336 -7.10927
-8.49948 -7.7528 -7.5643 -7.4137
0.776521 8.11591 3.46357 9.88231
0.111312 8.91078 2.00869 8.92476
-4.013 8.34886 -2.3068 8.39126
-0.392361 -4.65662 2.39437 -4.25415
-7.1504 -5.24629 -4.66825 -2.95389
2.08826 7.48182 4.42097 10.3199
9.83635 9.04865 10.2106 9.24918
-8.70415 -1.27047 -8.16452 0.540381
-3.15456 -8.48879 -2.5773 -5.94528
-9.57801 6.49759 -7.02052 7.45894
4.84645 -1.57535 5.85019 -0.907239
3.76802 -4.73013 4.83861 -2.23749
0.0235767 -6.31508 1.80862 -5.9983
